278.855988
308.929993
299.411987
303.359985
309.201996
300.127991
300.167999
328.600006
313.671997
318.466003
302.614014
283.399994
307.920013
295.298004
299.821991
297.497986
286.152008
297.000000
297.399994
297.003998
297.915985
290.541992
283.713989
274.877991
310.951996
324.200012
330.141998
367.127991
377.417999
375.705994
400.365997
409.996002
402.839996
404.667999
430.634003
447.750000
442.679993
498.320007
475.049988
447.369995
407.000000
418.320007
330.209991
366.279999
371.339996
372.720001
419.619995
449.760010
441.760010
423.429993
442.149994
449.390015
424.230011
380.359985
387.790009
407.339996
421.200012
419.070007
429.010010
448.160004
415.089996
425.679993
413.980011
425.299988
425.920013
434.000000
442.299988
446.649994
461.299988
448.880005
439.670013
430.829987
421.940002
422.640015
425.790009
420.630005
420.279999
424.679993
406.019989
410.829987
388.040009
400.510010
423.899994
420.980011
438.089996
429.950012
421.260010
410.359985
417.130005
411.760010
408.500000
408.089996
441.609985
486.640015
499.269989
489.609985
521.849976
555.380005
574.000000
585.760010
567.599976
584.760010
568.820007
593.380005
599.039978
641.760010
649.880005
604.479980
627.070007
609.989990
639.830017
633.250000
622.770020
655.900024
695.000000
649.859985
640.340027
645.979980
661.770020
663.690002
665.989990
694.780029
705.669983
729.770020
735.109985
755.979980
816.039978
880.020020
811.190002
849.440002
854.409973
845.000000
826.159973
844.549988
850.450012
844.989990
846.640015
880.799988
883.090027
864.159973
835.429993
793.530029
839.809998
872.789978
854.690002
849.989990
852.229980
863.419983
849.460022
804.820007
811.659973
816.119995
796.219971
798.150024
787.380005
781.299988
714.500000
698.840027
742.020020
682.219971
675.500000
718.429993
686.440002
653.200012
621.440002
597.950012
563.000000
673.580017
668.059998
699.599976
693.729980
707.940002
676.880005
701.809998
653.159973
654.869995
670.000000
662.159973
630.270020
640.390015
618.710022
611.289978
635.619995
667.929993
661.750000
691.049988
691.619995
670.969971
683.799988
677.020020
701.979980
762.320007
732.229980
738.849976
739.780029
714.630005
718.989990
744.119995
719.690002
729.400024
738.200012
704.739990
694.400024
677.000000
709.440002
684.900024
673.599976
670.940002
663.539978
672.369995
629.039978
617.200012
589.890015
571.690002
589.739990
576.830017
577.869995
563.460022
586.780029
580.880005
606.440002
604.690002
619.130005
630.849976
625.219971
623.900024
605.119995
572.840027
599.049988
605.130005
603.590027
598.780029
610.119995
609.890015
617.690002
599.359985
604.869995
616.599976
623.309998
620.830017
623.710022
656.570007
679.820007
671.869995
688.719971
680.760010
679.700012
677.919983
678.900024
659.580017
644.650024
652.809998